54 [0, 12, 21, 37, 66, 77]
64 [1, 34, 98]
40 [2, 31, 88]
60 [3, 11, 22, 27]
37 [4]
28 [5, 57]
21 [6, 50, 70]
49 [7, 48]
63 [8]
59 [9, 25, 51, 64, 94]
44 [10]
25 [13, 29, 47]
33 [14]
45 [15, 71, 90]
24 [16, 73]
51 [17, 87]
53 [18, 33]
47 [19, 81, 97]
36 [20]
35 [23, 45, 85]
52 [24]
38 [26, 43]
32 [28, 80]
29 [30, 46, 95]
50 [32, 74]
43 [35]
17 [36, 53, 63, 76]
55 [38]
23 [39, 93]
26 [40, 44, 84]
20 [41, 54, 59, 60, 78, 92]
65 [42]
58 [49, 75, 86]
34 [52, 56, 62]
46 [55]
57 [58]
18 [61, 67, 89]
56 [65, 83]
30 [68, 91]
61 [69]
15 [72]
19 [79]
39 [82]
48 [96]
22 [99]
