146 [0, 6, 43]
108 [1, 56]
127 [2, 3, 68, 86]
102 [4, 17, 38, 44]
150 [5]
116 [7, 20, 47, 57, 59, 61, 80, 93]
114 [8, 54]
104 [9, 21, 72]
135 [10, 18, 70, 97]
106 [11, 55]
125 [12, 24, 26]
107 [13]
120 [14, 32, 66, 67]
103 [15, 45, 60]
130 [16, 30, 34]
137 [19, 37, 52, 79]
122 [22, 63]
126 [23]
144 [25, 29, 41, 48]
142 [27, 35]
112 [28, 39, 75, 84]
133 [31, 89]
136 [33, 64, 65]
100 [36, 71]
109 [40, 90]
147 [42]
110 [46]
143 [49, 50]
138 [51, 73]
145 [53]
124 [58]
121 [62, 76, 95]
140 [69]
141 [74]
129 [77]
117 [78]
115 [81, 85]
148 [82, 92]
123 [83, 88]
134 [87]
131 [91, 99]
105 [94]
128 [96]
113 [98]
